hamza
149
19
14
11111100000111
11111000000011
11110000000011
11100000000011
11000000000011
11000000000000
10000000000000
10000000000001
00000000000001
10000000000011
10000000000111
11000000001111
11000000011111
11000000111111
11000001111111
10000111111111
10001111111111
10001111111111
10011111111111
secondary strok of gaaf
122
16
25
1111111111111111111111100
1111111111111111111111000
1111111111111111111100001
1111111111111111110000001
1111111111111110000000011
1111111111111000000000111
1111111111100000000001111
1111111100000000000011111
1111111000000000000111111
1111100000000000111111111
1110000000000111111111111
1100000000011111111111111
1000000001111111111111111
1000000011111111111111111
0000001111111111111111111
0000111111111111111111111
secondary strok of gaaf
109
20
22
1111111111111111111000
1111111111111111110001
1111111111111111100001
1111111111111111000011
1111111111111100000111
1111111111111000000111
1111111111110000011111
1111111111000000111111
1111111110000001111111
1111111100000001111111
1111110000000011111111
1111100000001111111111
1111000000011111111111
1110000000111111111111
1110000001111111111111
1100000011111111111111
1000000111111111111111
0000011111111111111111
0000111111111111111111
0001111111111111111111
kharri zabar
66
20
4
1101
1100
1000
1000
1000
0000
0000
0000
0000
0000
0000
0000
0000
0000
0000
0001
0001
0001
0001
1011
small toain
125
18
13
1111001111111
1111001111111
1111001111111
1111000111111
1110000111111
1110000111111
1110000111111
1110000000011
1110000000001
1110000000000
1110000000000
1110000000000
1100000000000
1100000000001
1000000000011
0000000000111
0000000001111
0000001111111
secondry strok of hay
95
21
8
11111001
11110001
11100011
11100011
11100111
11100111
11001111
11001111
10001111
10001111
00001111
00001111
00000001
00000000
00000000
00000000
00000000
00000000
10000001
10000001
11100111
mad
190
17
26
11111111111111111111111110
11111111111111111111111100
11111111111111111111111000
11111111111111111111110000
11111111100001111111000001
11111110000000000000000001
11111100000000000000000011
11111000000000000000000111
11110000000000000000000111
11110000000000000000001111
11100000000000000000011111
11000000000000000000111111
10000000000000000011111111
10000000000000001111111111
10001111100001111111111111
00011111111111111111111111
10111111111111111111111111
hamza
75
18
16
1111111111111110
1111111111111000
1111111111110000
1111111111100000
1111111111000001
1111111111000001
1111111110000001
1111111110000011
1111111100111111
1111111011111111
1111100011111111
1111000011111111
1100000111111111
1000000111111111
1000000111111111
0000001111111111
0000011111111111
1001111111111111
two dots
184
12
23
11110000111111110011111
11100000111111100001111
11000000001111000000111
10000000000010000000001
10000000000000000000000
00000000000000000000000
00000000000000000000001
00000000000000000000001
10000000001000000000011
11000000011100000000111
11110001111110000001111
11111111111111100111111
one dot
83
11
12
111100011111
111000001111
110000000111
100000000011
100000000001
000000000000
000000000001
100000000011
100000000111
110000001111
111100111111
secondary strok of hay
109
22
9
111111101
111111001
111110001
111110001
111100011
111000011
110000111
110000111
110001111
100001111
100011111
100011111
100011111
000011000
000000000
000000000
000000000
000000000
000000000
000000001
100000001
111101111